((("java" .
   [1 0 0 0])
  ("implements" .
   [1 0 0 0 0 0 0 0 0 0])
  ("that" .
   [1 0 0 0])
  ("any" .
   [1 0 0])
  ("pass" .
   [1 0 0 0])
  ("so" .
   [1 0])
  ("to" .
   [1 0])
  ("TheBridge" .
   [0 0 0 0 1 0 0 0 0])
  ("announceCrew" .
   [0 0 0 0 0 0 0 0 0 1 0 0])
  ("of" .
   [1 0])
  ("point" .
   [1 0 0 0 0])
  ("final" .
   [1 0 0 0 0])
  ("method" .
   [1 0 0 1 0 0])
  ("We" .
   [2 0])
  ("crew" .
   [1 0 0 0])
  ("all" .
   [1 0 0])
  ("ship" .
   [1 0 0 0])
  ("star" .
   [1 0 0 0])
  ("can" .
   [1 0 0])
  ("but" .
   [1 0 0])
  ("much" .
   [1 0 0 0])
  ("announceSelf" .
   [1 0 0 0 0 0 0 0 0 0 0 0])
  ("out" .
   [1 0 0])
  ("different" .
   [1 0 0 0 0 0 0 0 0])
  ("similar" .
   [0 0 0 0 0 1 0])
  ("very" .
   [1 0 0 0])
  ("Android" .
   [1 0 0 0 0 0 0])
  ("Java" .
   [0 0 1 0])
  ("+BEGIN_SRC" .
   [0 0 0 2 0 0 0 0 0 0])
  ("Interface" .
   [0 0 0 0 0 0 0 0 1])
  ("CrewMember" .
   [0 0 0 0 2 1 0 0 0 0])
  ("implement" .
   [1 0 0 0 0 0 0 0 0])
  ("Klingon" .
   [0 0 0 1 1 0 0])
  ("The" .
   [2 0 0])
  ("class" .
   [7 0 0 0 0])
  ("//" .
   [4 0])
  ("***" .
   [4 0 0])
  ("interface" .
   [3 0 0 0 0 0 0 0 0])
  ("use" .
   [1 0 0])
  ("need" .
   [1 0 0 0])
  ("will" .
   [2 0 0 0])
  ("keep" .
   [1 0 0 0])
  ("for" .
   [2 0 0])
  ("we" .
   [1 0])
  ("example" .
   [2 0 0 0 0 0 0])
  ("contrived" .
   [1 0 0 0 0 0 0 0 0])
  ("For" .
   [1 0 0])
  ("classes" .
   [1 0 0 0 0 0 0])
  ("+END_SRC" .
   [0 0 2 1 0 1 0 0])
  ("answer" .
   [2 0 0 0 0 0])
  ("the" .
   [7 0 0])
  ("This" .
   [2 0 0 0])))
